strategic_region={
	id=184
	name="STRATEGICREGION_184"
	provinces={
		14230 14231 14232 14233 14234 14235 14278 14279 14280 14281 14282 14283 14284 14285 14286 14287 14288 14289 14290 14291 14292 14293 14294 14295 14296 14297 14298 14299 14300 14301 14302 14303 14304 14305 14306 14307 14308 14309 14310 14311 14312 14313 14314 14315 14316 14317 14318 14319 14320 14321 14322 14323 14324 14325 14326 14327 14405 14406 14407 14408 14409 14410 14411 14412 14413 14414 14415 14439 14440 14441 14491 14492 14499 14500 14501 14502 14503 14504 14505 14506 14507 14508 14509 14510 14511 14512 14513 14514 14515 14516 14517 14518 14519 14520 14521 14522 14523 14524 14525 14526 14527 14528 14529 14530 14531 14532 14533 14534 14535 14536 14537 14538 14539 14540 14541 14542 14543 14564 14565 14566 14567 14568 14569 14570 14571 14572 14573 14574 14575 14576 14577 14578 14579 14580 14581 14582 14583 14584 14585 14586 14587 14588 14589 14590 14591 14592 14593 14594 14610 14611 14612 14613 14614 14615 14616 14617 14618 14619 14620 14621 14622 14623 14624 14625 14626 14627 14628 14629 14630 14631 14632 14633 14634 14635 14636 14637 14638 14639 14640 14641 14642 14643 14644 14645 14646 14647 14648 14649 14650 14651 14652 14653 14654 14655 14656 14657 14658 14659 14660 14661 14662 14694 14695 14696 14697 14698 14699 14700 14701 14702 14703 14704 14705 14706 14707 14708 14709 14710 14711 14712 14713 14714 14715 14716 14717 14718 14719 14720 14721 14815 14816 14817 14818 14819 14820 14821 14822 14823 14824 14834 14835 14836 14837 14838 14890 14891 14892 14893 14894 14895 14896 14897 14898 14899 14900 14901 14902 14903 14904 14905 14906 14907 14908 14909 14910 14911 14912 14913 14922 14923 14924 14925 14926 14927 14928 14929 14930 14931 14932 14933 14934 14935 14959 14960 14961 14962 14963 14964 14965 14966 14967 14968 14969 14970 14971 14972 14973 14974 14975 14976 14977 14978 14979 14980 14981 14982 14983 14984 14985 14986 14987 14988 14989 14990 14991 14992 14993 14994 14995 14996 14997 14998 14999 15000 15001 15002 15003 15004 15005 15006 15007 15008 15009 15010 15011 15012 15013 15014 15015 15032 15033 15034 15035 15036 15037 15038 15039 15040 15068 15069 15070 15071 15072 15073 15074 15075 15076 15077 15078 15100 15101 15102 15103 15104 15105 15106 15107 15108 15109 15110 15111 15112 15113 15114 15115 15145 15146 15147 15148 15149 15150 15151 15152 15153 15154 15155 15156 15157 15158 15159 15160 15161 15162 15163 15167 15168 15169 15170 15171 15172 15237 15238 15239 15240 15241 15242 15243 15244 15245 15246 15247 15248 15249 15250 15251 15252 15253 15254 15255 15256 15257 15258 15259 15260 15261 15262 15263 15264 15265 15266 15267 15268 15269 15270 15271 15272 15273 15274 15275 15276 15277 15278 15279 15280 15281 15282 15283 15284 15285 15286 15287 15288 15289 15290 15291 15292 15318 15319 15320 15321 15322 15323 15361 15362 15363 15364 15365 15366 15367 15368 15369 15370 15371 15372 15373 15374 15375 15376 15377 15378 15379 15380 15381 15382 15383 15384 15385 15386 15387 15388 15389 15390 15391 15392 15393 15394 15395 15396 15397 15398 15399 15400 15401 15402 15403 15404 15405 15406 15407 15408 15409 15418 15419 15427 15428 15447 15448 15449 15450 15451 15452 15453 15461 15462 15463 15464 15465 15466 15467 15468 15469 15470 15471 15472 15473 15474 15475 15476 15477 15478 15479 15480 15481 15506 15507 15508 15509 15510 15511 15512 15513 15514 15515 15516 15517 15518 15519 15520 15521 15522 15523 15524 15525 15526 15527 15528 15529 15530 15531 15532 15533 15534 19428 19464 19580 
	}
	
	weather={
		period={
			between={ 0.0 30.0 }
			temperature={ -20.0 -10.0 }
			no_phenomenon=0.264642
			rain_light=0.408550
			rain_heavy=0.000162
			snow=0.163485
			blizzard=0.163161
			arctic_water=0.000
			mud=0.040887
			sandstorm=0.000000
			min_snow_level=0.000
		}
		period={
			between={ 0.1 27.1 }
			temperature={ -20.0 -9.00 }
			no_phenomenon=0.269912
			rain_light=0.405915
			rain_heavy=0.002797
			snow=0.163485
			blizzard=0.157891
			arctic_water=0.000
			mud=0.041151
			sandstorm=0.000000
			min_snow_level=0.000
		}
		period={
			between={ 0.2 30.2 }
			temperature={ -17.0 -7.00 }
			no_phenomenon=0.294982
			rain_light=0.393380
			rain_heavy=0.015332
			snow=0.163485
			blizzard=0.132821
			arctic_water=0.000
			mud=0.042404
			sandstorm=0.000000
			min_snow_level=0.000
		}
		period={
			between={ 0.3 29.3 }
			temperature={ -13.0 -3.00 }
			no_phenomenon=0.349819
			rain_light=0.366901
			rain_heavy=0.041811
			snow=0.161606
			blizzard=0.079863
			arctic_water=0.000
			mud=0.045052
			sandstorm=0.000000
			min_snow_level=0.000
		}
		period={
			between={ 0.4 30.4 }
			temperature={ -6.00 4.000 }
			no_phenomenon=0.507542
			rain_light=0.327471
			rain_heavy=0.081242
			snow=0.082744
			blizzard=0.001002
			arctic_water=0.000
			mud=0.048995
			sandstorm=0.000000
			min_snow_level=0.000
		}
		period={
			between={ 0.5 29.5 }
			temperature={ 1.000 11.00 }
			no_phenomenon=0.590873
			rain_light=0.286306
			rain_heavy=0.122406
			snow=0.000415
			blizzard=0.000000
			arctic_water=0.000
			mud=0.053112
			sandstorm=0.000000
			min_snow_level=0.000
		}
		period={
			between={ 0.6 30.6 }
			temperature={ 8.000 18.00 }
			no_phenomenon=0.591288
			rain_light=0.245073
			rain_heavy=0.163640
			snow=0.000000
			blizzard=0.000000
			arctic_water=0.000
			mud=0.057235
			sandstorm=0.000000
			min_snow_level=0.000
		}
		period={
			between={ 0.7 30.7 }
			temperature={ 1.000 11.00 }
			no_phenomenon=0.590873
			rain_light=0.286306
			rain_heavy=0.122406
			snow=0.000415
			blizzard=0.000000
			arctic_water=0.000
			mud=0.053112
			sandstorm=0.000000
			min_snow_level=0.000
		}
		period={
			between={ 0.8 29.8 }
			temperature={ -6.00 4.000 }
			no_phenomenon=0.507542
			rain_light=0.327471
			rain_heavy=0.081242
			snow=0.082744
			blizzard=0.001002
			arctic_water=0.000
			mud=0.048995
			sandstorm=0.000000
			min_snow_level=0.000
		}
		period={
			between={ 0.9 30.9 }
			temperature={ -13.0 -3.00 }
			no_phenomenon=0.349819
			rain_light=0.366901
			rain_heavy=0.041811
			snow=0.161606
			blizzard=0.079863
			arctic_water=0.000
			mud=0.045052
			sandstorm=0.000000
			min_snow_level=0.000
		}
		period={
			between={ 0.10 29.10 }
			temperature={ -17.0 -7.00 }
			no_phenomenon=0.294982
			rain_light=0.393380
			rain_heavy=0.015332
			snow=0.163485
			blizzard=0.132821
			arctic_water=0.000
			mud=0.042404
			sandstorm=0.000000
			min_snow_level=0.000
		}
		period={
			between={ 0.11 30.11 }
			temperature={ -20.0 -9.00 }
			no_phenomenon=0.269912
			rain_light=0.405915
			rain_heavy=0.002797
			snow=0.163485
			blizzard=0.157891
			arctic_water=0.000
			mud=0.041151
			sandstorm=0.000000
			min_snow_level=0.000
		}
		
	}
}
