1;2007;9.900000;69;small
2;2290;9.900000;74;small
3;2143;9.900000;71;small
4;2583;9.900000;58;small
5;2483;9.900000;199;small
6;2210;9.900000;207;small
7;2348;9.900000;199;small
8;2070;9.900000;211;small
9;1918;9.900000;284;small
10;2574;9.900000;260;small
11;2135;9.900000;297;small
12;2287;9.900000;346;small
13;2027;9.900000;339;small
14;2551;9.900000;382;small
15;1276;9.900000;401;small
16;2665;9.900000;386;small
17;2113;9.900000;371;small
18;2346;9.900000;421;small
19;2759;9.900000;442;small
20;1986;9.900000;450;small
21;2531;9.900000;510;small
22;2673;9.900000;497;small
23;2402;9.900000;498;small
24;2234;9.900000;502;small
25;2085;9.900000;511;small
26;1897;9.900000;528;small
27;1585;9.900000;546;small
28;2509;9.900000;590;small
29;1303;9.900000;568;small
30;2188;9.900000;603;small
31;1968;9.900000;596;small
32;2371;9.900000;603;small
33;2270;9.900000;622;small
34;2070;9.900000;658;small
35;1865;9.900000;656;small
36;2658;9.900000;645;small
37;395;9.900000;645;small
38;2532;9.900000;686;small
39;2417;9.900000;706;small
40;1596;9.900000;715;small
41;925;9.900000;708;small
42;2165;9.900000;700;small
43;2232;9.900000;744;small
44;1997;9.900000;740;small
45;1893;9.900000;756;small
46;1323;9.900000;735;small
47;2319;9.900000;722;small
48;788;9.900000;766;small
49;551;9.900000;763;small
50;1756;9.900000;763;small
51;2664;9.900000;804;small
52;2519;9.900000;804;small
53;2410;9.900000;845;small
54;1998;9.900000;853;small
55;2136;9.900000;828;small
56;1394;9.900000;839;small
57;1863;9.900000;852;small
58;1583;9.900000;869;small
59;873;9.900000;886;small
60;2327;9.900000;922;small
61;100;9.900000;900;small
62;231;9.900000;911;small
63;523;9.900000;901;small
64;2251;9.900000;876;small
65;759;9.900000;916;small
66;831;9.900000;935;small
67;660;9.900000;933;small
68;2158;9.900000;979;small
69;2073;9.900000;996;small
70;1438;9.900000;981;small
71;2750;9.900000;991;small
72;5449;9.900000;1013;small
73;397;9.900000;1003;small
74;3197;9.900000;992;small
75;253;9.900000;1031;small
76;890;9.900000;1003;small
77;788;9.900000;1010;small
78;2884;9.900000;1033;small
79;2395;9.900000;1043;small
80;2235;9.900000;1078;small
81;3216;9.900000;1109;small
82;618;9.900000;1017;small
83;539;9.900000;1069;small
84;5250;9.900000;1119;small
85;3056;9.900000;1084;small
86;1000;9.900000;1121;small
87;5330;9.900000;1088;small
88;5415;9.900000;1136;small
89;2061;9.900000;1135;small
90;3339;9.900000;1124;small
91;879;9.900000;1128;small
92;734;9.900000;1101;small
93;2514;9.900000;1186;small
94;2930;9.900000;1173;small
95;2772;9.900000;1193;small
96;5286;9.900000;1214;small
97;1931;9.900000;1226;small
98;1741;9.900000;1234;small
99;575;9.900000;1262;small
100;4805;9.900000;1234;small
101;868;9.900000;1250;small
102;1007;9.900000;1262;small
103;697;9.900000;1225;small
104;2580;9.900000;1293;small
105;4601;9.900000;1284;small
106;3454;9.900000;1302;small
107;2342;9.900000;1307;small
108;2868;9.900000;1291;small
109;3084;9.900000;1256;small
110;2458;9.900000;1327;small
111;4691;9.900000;1335;small
112;5363;9.900000;1344;small
113;4910;9.900000;1339;small
114;1896;9.900000;1341;small
115;2693;9.900000;1372;small
116;862;9.900000;1361;small
117;4209;9.900000;1411;small
118;5258;9.900000;1371;small
119;2152;9.900000;1408;small
120;2012;9.900000;1380;small
121;1105;9.900000;1405;small
122;995;9.900000;1371;small
123;3236;9.900000;1371;small
124;4512;9.900000;1412;small
125;5041;9.900000;1381;small
126;2922;9.900000;1381;small
127;1790;9.900000;1422;small
128;3444;9.900000;1414;small
129;5154;9.900000;1403;small
130;2593;9.900000;1446;small
131;4899;9.900000;1405;small
132;2472;9.900000;1469;small
133;4791;9.900000;1473;small
134;2361;9.900000;1478;small
135;4382;9.900000;1471;small
136;5338;9.900000;1482;small
137;5227;9.900000;1445;small
138;4595;9.900000;1520;small
139;2228;9.900000;1488;small
140;1899;9.900000;1499;small
141;2059;9.900000;1502;small
142;3283;9.900000;1491;small
143;3386;9.900000;1526;small
144;2818;9.900000;1494;small
145;3101;9.900000;1494;small
146;487;9.900000;1541;small
147;5051;9.900000;1505;small
148;4928;9.900000;1522;small
149;1740;9.900000;1556;small
150;2614;9.900000;1590;small
151;4514;9.900000;1603;small
152;2549;9.900000;1566;small
153;5249;9.900000;1552;small
154;2992;9.900000;1610;small
155;1970;9.900000;1585;small
156;575;9.900000;1615;small
157;4882;9.900000;1591;small
158;3450;9.900000;1564;small
159;1549;9.900000;1625;small
160;2853;9.900000;1619;small
161;4971;9.900000;1683;small
162;3625;9.900000;1631;small
163;2761;9.900000;1706;small
164;2314;9.900000;1664;small
165;4245;9.900000;1662;small
166;1738;9.900000;1652;small
167;2230;9.900000;1651;small
168;3761;9.900000;1659;small
169;4613;9.900000;1653;small
170;2120;9.900000;1632;small
171;5092;9.900000;1645;small
172;2690;9.900000;1643;small
173;3409;9.900000;1670;small
174;4747;9.900000;1652;small
175;1862;9.900000;1651;small
176;2578;9.900000;1682;small
177;4872;9.900000;1688;small
178;4447;9.900000;1681;small
179;1658;9.900000;1722;small
180;2376;9.900000;1722;small
181;4685;9.900000;1777;small
182;2883;9.900000;1725;small
183;1965;9.900000;1730;small
184;669;9.900000;1775;small
185;3114;9.900000;1776;small
186;4989;9.900000;1767;small
187;1760;9.900000;1745;small
188;4044;9.900000;1756;small
189;3863;9.900000;1757;small
190;1008;9.900000;1765;small
191;2158;9.900000;1761;small
192;4836;9.900000;1806;small
193;3461;9.900000;1804;small
194;3963;9.900000;1791;small
195;2593;9.900000;1810;small
196;1863;9.900000;1788;small
197;2361;9.900000;1808;small
198;4319;9.900000;1803;small
199;4576;9.900000;1843;small
200;2047;9.900000;1816;small
201;2690;9.900000;1877;small
202;2984;9.900000;1868;small
203;1740;9.900000;1841;small
204;4789;9.900000;1906;small
205;2853;9.900000;1881;small
206;3842;9.900000;1842;small
207;1979;9.900000;1858;small
208;2372;9.900000;1899;small
209;3759;9.900000;1917;small
210;4443;9.900000;1858;small
211;1846;9.900000;1877;small
212;4128;9.900000;1882;small
213;2250;9.900000;1851;small
214;2126;9.900000;1919;small
215;3983;9.900000;1885;small
216;4630;9.900000;1913;small
217;4881;9.900000;1931;small
218;1963;9.900000;1932;small
219;3146;9.900000;1940;small
220;2555;9.900000;1966;small
221;3547;9.900000;1963;small
222;2913;9.900000;2011;small
223;3337;9.900000;1962;small
224;4701;9.900000;1969;small
225;4324;9.900000;1981;small
226;3920;9.900000;1974;small
227;2426;9.900000;1976;small
228;2308;9.900000;2011;small
229;2742;9.900000;1980;small
230;4124;9.900000;1979;small
231;2206;9.900000;1978;small
232;1896;9.900000;2014;small
233;4506;9.900000;1985;small
234;2034;9.900000;2013;small
235;4744;9.900000;24;small
236;3049;9.900000;67;small
237;3877;9.900000;81;small
238;1130;9.900000;91;small
239;1354;9.900000;59;small
240;4520;9.900000;110;small
241;143;9.900000;54;small
242;5414;9.900000;104;small
243;2872;9.900000;110;small
244;3306;9.900000;66;small
245;4923;9.900000;87;small
246;4693;9.900000;127;small
247;432;9.900000;86;small
248;3598;9.900000;193;small
249;1546;9.900000;106;small
250;4321;9.900000;56;small
251;4099;9.900000;120;small
252;868;9.900000;87;small
253;1967;9.900000;144;small
254;2847;9.900000;186;small
255;5148;9.900000;91;small
256;4257;9.900000;196;small
257;3231;9.900000;183;small
258;617;9.900000;105;small
259;1764;9.900000;126;small
260;4705;9.900000;206;small
261;3973;9.900000;207;small
262;678;9.900000;243;small
263;4824;9.900000;190;small
264;1004;9.900000;229;small
265;1330;9.900000;245;small
266;2685;9.900000;186;small
267;2902;9.900000;227;small
268;190;9.900000;214;small
269;4499;9.900000;323;small
270;5075;9.900000;295;small
271;27;9.900000;294;small
272;3161;9.900000;333;small
273;5555;9.900000;272;small
274;4681;9.900000;305;small
275;451;9.900000;296;small
276;3935;9.900000;316;small
277;1362;9.900000;469;small
278;2860;9.900000;349;small
279;258;9.900000;326;small
280;1582;9.900000;330;small
281;5327;9.900000;394;small
282;4134;9.900000;393;small
283;1067;9.900000;434;small
284;5542;9.900000;491;small
285;4576;9.900000;419;small
286;72;9.900000;423;small
287;4290;9.900000;470;small
288;1797;9.900000;464;small
289;3870;9.900000;432;small
290;3678;9.900000;538;small
291;4372;9.900000;558;small
292;314;9.900000;490;small
293;3382;9.900000;524;small
294;835;9.900000;429;small
295;4987;9.900000;511;small
296;4566;9.900000;555;small
297;637;9.900000;566;small
298;5318;9.900000;628;small
299;4768;9.900000;496;small
300;197;9.900000;702;small
301;2799;9.900000;590;small
302;3864;9.900000;642;small
303;4063;9.900000;647;small
304;5501;9.900000;626;small
305;3065;9.900000;575;small
306;1427;9.900000;690;small
307;72;9.900000;740;small
308;1124;9.900000;660;small
309;3204;9.900000;615;small
310;4995;9.900000;796;small
311;4549;9.900000;702;small
312;3404;9.900000;789;small
313;4275;9.900000;792;small
314;3948;9.900000;838;small
315;4443;9.900000;928;small
316;5179;9.900000;748;small
317;247;9.900000;723;small
318;5472;9.900000;823;small
319;3603;9.900000;758;small
320;4829;9.900000;762;small
321;2917;9.900000;789;small
322;804;9.900000;816;small
323;3160;9.900000;813;small
324;1004;9.900000;878;small
325;5326;9.900000;899;small
326;4667;9.900000;904;small
327;2536;9.900000;900;small
328;3729;9.900000;876;small
329;1766;9.900000;906;small
330;1197;9.900000;934;small
331;3877;9.900000;1000;small
332;5011;9.900000;980;small
333;1766;9.900000;1015;small
334;1582;9.900000;1015;small
335;3358;9.900000;933;small
336;1935;9.900000;974;small
337;3513;9.900000;978;small
338;4896;9.900000;1049;small
339;2513;9.900000;967;small
340;5585;9.900000;983;small
341;1694;9.900000;1046;small
342;59;9.900000;1081;small
343;4126;9.900000;1094;small
344;4767;9.900000;1105;small
345;5197;9.900000;1058;small
346;1849;9.900000;1118;small
347;4418;9.900000;1192;small
348;2227;9.900000;1206;small
349;2337;9.900000;1153;small
350;232;9.900000;1137;small
351;1469;9.900000;1177;small
352;1170;9.900000;1184;small
353;4307;9.900000;989;small
354;1332;9.900000;1120;small
355;2622;9.900000;1087;small
356;3490;9.900000;1167;small
357;4999;9.900000;1175;small
358;3681;9.900000;1126;small
359;3311;9.900000;1265;small
360;5496;9.900000;1298;small
361;2133;9.900000;1206;small
362;132;9.900000;1308;small
363;5143;9.900000;1290;small
364;1590;9.900000;1267;small
365;396;9.900000;1269;small
366;3881;9.900000;1220;small
367;4006;9.900000;1380;small
368;2250;9.900000;1332;small
369;1489;9.900000;1364;small
370;3498;9.900000;1331;small
371;626;9.900000;1411;small
372;5282;9.900000;1456;small
373;1316;9.900000;1384;small
374;1557;9.900000;1466;small
375;5549;9.900000;1525;small
376;79;9.900000;1572;small
377;751;9.900000;1538;small
378;3610;9.900000;1406;small
379;3749;9.900000;1522;small
380;1410;9.900000;1637;small
381;4027;9.900000;1571;small
382;951;9.900000;1500;small
383;2334;9.900000;1561;small
384;419;9.900000;1601;small
385;887;9.900000;1665;small
386;1159;9.900000;1583;small
387;3242;9.900000;1618;small
388;998;9.900000;1490;small
389;5412;9.900000;1680;small
390;265;9.900000;1592;small
391;3877;9.900000;1708;small
392;1370;9.900000;1697;small
393;2484;9.900000;1689;small
394;3266;9.900000;1755;small
395;4083;9.900000;1786;small
396;3649;9.900000;1759;small
397;1569;9.900000;1760;small
398;438;9.900000;1828;small
399;5164;9.900000;1886;small
400;4196;9.900000;1813;small
401;5480;9.900000;1920;small
402;1643;9.900000;1946;small
403;1075;9.900000;1916;small
404;582;9.900000;1958;small
405;4951;9.900000;1976;small
406;159;9.900000;1906;small
407;765;9.900000;1969;small
408;1390;9.900000;1939;small
409;387;9.900000;1996;small
410;1881;9.900000;2001;small
411;3756;9.900000;2009;small
412;5385;9.900000;1399;small
413;2202;9.900000;1183;small
414;2309;9.900000;1003;small
415;52;9.900000;183;small
416;1453;9.900000;761;small
417;1487;9.900000;588;small
418;1366;9.900000;666;small
